0.1731554587530629
0.20392050095289954
0.186223795262728
0.13694527634086578
0.13885107541519195
0.12306016879934659
0.10073509392866867
0.08793901442962156
0.08439967329158726
0.11189763136400763
0.11462020147018785
0.24040294037571466
0.037299210454669204
0.0038115981486523277
0.17805608494418732
0.17124965967873673
0.07541519194119249
0.0002722570106180234
0.0002722570106180234
0.0002722570106180234
0.41138034304383336
0.21726109447318268
0.003267084127416281
0.0005445140212360468
0.0008167710318540703
0.06888102368635993
0.08249387421726109
0.13776204737271985
0.10155186496052274
0.0002722570106180234
0.030765042199836647
0.006806425265450586
0.07868227606860877
0.006534168254832562
0.0002722570106180234
0.0002722570106180234
0.0010890280424720937
0.002722570106180234
0.008167710318540702
0.0010890280424720937
0.02777021508303839
0.07541519194119249
0.0008167710318540703
0.0035393411380343046
0.0005445140212360468
0.0016335420637081405
0.0002722570106180234
0.0008167710318540703
0.03321535529539885
0.0002722570106180234
0.0010890280424720937
0.1720664307105908
0.03403212632725293
0.313640076231963
0.0002722570106180234
0.058535257282875036
0.0008167710318540703
0.002450313095562211
0.0002722570106180234
0.0002722570106180234
0.0002722570106180234
0.004083855159270351
0.07841001905799075
0.0010890280424720937
0.0002722570106180234
0.23768037026953445
0.05063980397495235
0.04247209365641165
0.0005445140212360468
0.0019057990743261638
0.027497958072420364
0.0002722570106180234
0.10481894908793901
0.0019057990743261638
0.0008167710318540703
0.0019057990743261638
0.03539341138034304
0.005445140212360468
0.3615573101007351
0.0019057990743261638
0.1315001361285053
0.029403757146746527
0.006534168254832562
0.0002722570106180234
0.03539341138034304
0.007350939286686632
0.34848897359106995
0.005989654233596515
0.06125782738905527
0.0010890280424720937
0.0008167710318540703
0.0002722570106180234
0.050367546964334334
0.0002722570106180234
0.0008167710318540703
0.0010890280424720937
0.02613667301933025
0.027225701061802342
0.050367546964334334
0.16417097740266812
0.007895453307922679
0.0019057990743261638
0.0005445140212360468
0.0019057990743261638
0.0002722570106180234
0.0008167710318540703
0.0005445140212360468
0.0051728832017424444
0.0002722570106180234
0.004900626191124422
0.11897631364007623
0.0002722570106180234
0.20745984209093385
0.0430166076776477
0.04982303294309828
0.0005445140212360468
0.001361285053090117
0.0002722570106180234
0.08984481350394773
0.2806969779471821
0.038660495507759324
0.060713313367819224
0.1478355567655867
0.25401579090661586
0.0002722570106180234
0.0005445140212360468
0.0005445140212360468
0.037843724475905255
0.002450313095562211
0.0002722570106180234
0.008167710318540702
0.051728832017424446
0.0174244486795535
0.02477538796624013
0.0005445140212360468
0.0002722570106180234
0.0002722570106180234
0.002450313095562211
0.0005445140212360468
0.007350939286686632
0.002722570106180234
0.0005445140212360468
0.0002722570106180234
0.0002722570106180234
0.04083855159270351
0.0021780560849441874
0.034848897359107
0.007895453307922679
0.24230873945004083
0.060168799346583174
0.0002722570106180234
0.058807514293493054
0.0002722570106180234
0.39831200653416826
0.025047644976858154
0.0005445140212360468
0.0002722570106180234
0.020963789817587803
0.003267084127416281
0.01116253743533896
0.0008167710318540703
0.002722570106180234
0.0016335420637081405
0.0005445140212360468
0.0002722570106180234
0.0019057990743261638
0.17070514565750067
0.006534168254832562
0.0005445140212360468
0.0005445140212360468
0.04465014974135584
0.0035393411380343046
0.1418459025319902
0.10781377620473727
0.02804247209365641
0.1233324258099646
0.03321535529539885
0.0005445140212360468
0.7568744895181051
0.0005445140212360468
0.0038115981486523277
0.24748162265178328
0.04029403757146747
0.40620745984209095
0.04002178056084944
0.03267084127416281
0.0255921589980942
0.07568744895181051
0.0002722570106180234
0.06588619656956167
0.3035665668390961
0.03512115436972502
0.001361285053090117
0.04437789273073782
0.13422270623468555
0.001361285053090117
0.003267084127416281
0.0002722570106180234
0.0002722570106180234
0.0002722570106180234
0.03947726653961339
0.005445140212360468
0.0019057990743261638
0.03321535529539885
0.0008167710318540703
0.0057173972229784915
0.08276613122787911
0.0021780560849441874
0.0002722570106180234
0.022052817860059897
0.0021780560849441874
0.23414102913150014
0.07187585080315818
0.03267084127416281
0.29921045466920776
0.03403212632725293
0.029403757146746527
0.02613667301933025
0.0002722570106180234
0.03675469643343316
0.0038115981486523277
0.037026953444051186
0.0021780560849441874
0.0008167710318540703
0.372175333514838
0.029948271167982574
0.0029948271167982575
0.0002722570106180234
0.0016335420637081405
0.004356112169888375
0.022597331881295944
0.0005445140212360468
0.0002722570106180234
0.0002722570106180234
0.010073509392866867
0.004083855159270351
0.01197930846719303
0.001361285053090117
0.003267084127416281
0.0019057990743261638
0.0029948271167982575
0.0002722570106180234
0.029131500136128505
0.03403212632725293
0.0002722570106180234
0.053090117070514566
0.06561393955894364
0.06452491151647155
0.029131500136128505
0.008439967329158726
0.26898992649060716
0.002450313095562211
0.02368635992376804
0.0002722570106180234
0.0005445140212360468
0.23005717397222977
0.007350939286686632
0.010345766403484889
0.01769670569017152
0.049006261911244214
0.02613667301933025
0.029948271167982574
0.0002722570106180234
0.02477538796624013
0.027497958072420364
0.002722570106180234
0.0002722570106180234
0.00871222433977675
0.0016335420637081405
0.025047644976858154
0.0255921589980942
0.0008167710318540703
0.004356112169888375
0.01987476177511571
0.07051456575006806
0.0547236591342227
0.0803158181323169
0.0002722570106180234
0.3465831745167438
0.002722570106180234
0.0016335420637081405
0.0005445140212360468
0.0002722570106180234
0.03947726653961339
0.069697794718214
0.002450313095562211
0.21072692621835012
0.04029403757146747
0.03893275251837735
0.05907977130411108
0.003267084127416281
0.036482439422815136
0.0057173972229784915
0.14375170160631637
0.0038115981486523277
0.013885107541519195
0.14102913150013613
0.06779199564388783
0.025319901987476176
0.0002722570106180234
0.0002722570106180234
0.20664307105907978
0.03103729921045467
0.008439967329158726
0.0019057990743261638
0.11570922951265995
0.15436972502041926
0.09120609855703785
0.036482439422815136
0.06534168254832562
0.081404846174789
0.05336237408113259
0.0002722570106180234
0.016879934658317452
0.003267084127416281
0.008984481350394773
0.5769126054995917
0.016879934658317452
0.09120609855703785
0.0002722570106180234
0.03457664034848897
0.15436972502041926
0.01524639259460931
0.0002722570106180234
0.0005445140212360468
0.0002722570106180234
0.004356112169888375
0.06806425265450586
0.023414102913150013
0.0005445140212360468
0.0035393411380343046
0.0010890280424720937
0.037026953444051186
0.0002722570106180234
0.0002722570106180234
0.0002722570106180234
0.0002722570106180234
0.0002722570106180234
0.051728832017424446
0.0019057990743261638
0.0650694255377076
0.43071059079771307
0.2757963517560577
0.02804247209365641
0.0008167710318540703
0.0002722570106180234
0.0005445140212360468
0.003267084127416281
0.0127960794990471
0.007078682276068609
0.0005445140212360468
0.010890280424720936
0.08712224339776749
0.013885107541519195
0.002722570106180234
0.002722570106180234
0.0002722570106180234
0.0035393411380343046
0.004083855159270351
0.0008167710318540703
0.0002722570106180234
0.0016335420637081405
0.0008167710318540703
0.008167710318540702
0.17070514565750067
0.232507487067792
0.0002722570106180234
0.010073509392866867
0.0255921589980942
0.0035393411380343046
0.025047644976858154
0.0008167710318540703
0.007895453307922679
0.0062619112442145386
0.016607677647699427
0.0002722570106180234
0.0051728832017424444
0.03947726653961339
0.0008167710318540703
0.03512115436972502
0.001361285053090117
0.09719575279063436
0.0002722570106180234
0.030765042199836647
0.0002722570106180234
0.0002722570106180234
0.004083855159270351
0.009801252382248844
0.03430438333787095
0.03539341138034304
0.013885107541519195
0.004083855159270351
0.002450313095562211
0.007895453307922679
0.23305200108902804
0.0021780560849441874
0.004356112169888375
0.02777021508303839
0.04219983664579363
0.0005445140212360468
0.0005445140212360468
0.002722570106180234
0.0008167710318540703
0.005445140212360468
0.1941192485706507
0.0002722570106180234
0.11053634631091751
0.0127960794990471
0.003267084127416281
0.05989654233596515
0.0002722570106180234
0.0062619112442145386
0.0008167710318540703
0.005445140212360468
0.0002722570106180234
0.0019057990743261638
0.0008167710318540703
0.0016335420637081405
0.0005445140212360468
0.015790906615845358
0.0002722570106180234
0.037026953444051186
0.029403757146746527
0.0051728832017424444
0.007350939286686632
0.04791723386877212
0.0062619112442145386
0.001361285053090117
0.00871222433977675
0.0005445140212360468
0.0010890280424720937
0.048189490879390146
0.001361285053090117
0.0019057990743261638
0.059352028314729105
0.0002722570106180234
0.05145657500680643
0.0002722570106180234
0.005989654233596515
0.0686087666757419
0.004356112169888375
0.04002178056084944
0.11462020147018785
0.006806425265450586
0.041383065613939556
0.3675469643343316
0.7299210454669208
0.0010890280424720937
0.0010890280424720937
0.08194936019602504
0.03348761230601688
0.0038115981486523277
0.04846174789000817
0.03512115436972502
0.009256738361012797
0.0002722570106180234
0.0010890280424720937
0.049006261911244214
0.001361285053090117
0.026953444051184317
0.030765042199836647
0.0002722570106180234
0.0002722570106180234
0.0010890280424720937
0.0016335420637081405
0.03267084127416281
0.0008167710318540703
0.10372992104546692
0.005989654233596515
0.029676014157364553
0.0002722570106180234
0.05744622924040294
0.0002722570106180234
0.0002722570106180234
0.0002722570106180234
0.0002722570106180234
0.017968962700789546
0.03185407024230874
0.1383065613939559
0.11924857065069426
0.0057173972229784915
0.0005445140212360468
0.041383065613939556
0.0029948271167982575
0.3626463381432072
0.0035393411380343046
0.009801252382248844
0.023414102913150013
0.0016335420637081405
0.0127960794990471
0.00952899537163082
0.0038115981486523277
0.029948271167982574
0.03267084127416281
0.0002722570106180234
0.13748979036210182
0.0002722570106180234
0.20991015518649606
0.0035393411380343046
0.0002722570106180234
