0.09066666666666667
0.07666666666666666
0.03133333333333333
0.015333333333333332
0.019333333333333334
0.017333333333333333
0.020666666666666667
0.008666666666666666
0.008666666666666666
0.019333333333333334
0.011333333333333334
0.126
0.10266666666666667
0.03266666666666666
0.04933333333333333
0.06
0.019333333333333334
0.028666666666666667
0.027333333333333334
0.02666666666666667
0.027333333333333334
0.0033333333333333335
0.03666666666666667
0.08066666666666666
0.04933333333333333
0.018
0.014666666666666666
0.064
0.020666666666666667
0.028
0.0006666666666666666
0.04533333333333334
0.002
0.07
0.028
0.028
0.028
0.058
0.050666666666666665
0.023333333333333334
0.0013333333333333333
0.0006666666666666666
0.03333333333333333
0.04133333333333333
0.022
0.02666666666666667
0.025333333333333333
0.02266666666666667
0.0006666666666666666
0.016666666666666666
0.032
0.314
0.0006666666666666666
0.048
0.017333333333333333
0.0026666666666666666
0.02266666666666667
0.028
0.025333333333333333
0.027333333333333334
0.027333333333333334
0.03866666666666667
0.008
0.025333333333333333
0.020666666666666667
0.01
0.009333333333333334
0.10333333333333333
0.02
0.02666666666666667
0.15266666666666667
0.046
0.0033333333333333335
0.03933333333333333
0.02
0.03933333333333333
0.0026666666666666666
0.05
0.23333333333333334
0.028666666666666667
0.037333333333333336
0.002
0.05333333333333334
0.03333333333333333
0.0013333333333333333
0.042
0.007333333333333333
0.037333333333333336
0.006
0.022
0.044
0.017333333333333333
0.0006666666666666666
0.048666666666666664
0.027333333333333334
0.03
0.0006666666666666666
0.142
0.0006666666666666666
0.2966666666666667
0.050666666666666665
0.027333333333333334
0.028
0.05
0.028
0.02666666666666667
0.029333333333333333
0.042
0.02666666666666667
0.034666666666666665
0.014
0.025333333333333333
0.019333333333333334
0.0006666666666666666
0.0006666666666666666
0.035333333333333335
0.026
0.027333333333333334
0.014666666666666666
0.0006666666666666666
0.0006666666666666666
0.004666666666666667
0.068
0.02
0.04133333333333333
0.02666666666666667
0.025333333333333333
0.0013333333333333333
0.030666666666666665
0.02666666666666667
0.04133333333333333
0.01
0.06866666666666667
0.0006666666666666666
0.03666666666666667
0.018666666666666668
0.018
0.035333333333333335
0.023333333333333334
0.07533333333333334
0.03133333333333333
0.026
0.022
0.05
0.002
0.030666666666666665
0.0006666666666666666
0.058666666666666666
0.0026666666666666666
0.18933333333333333
0.025333333333333333
0.0006666666666666666
0.027333333333333334
0.0006666666666666666
0.0006666666666666666
0.029333333333333333
0.019333333333333334
0.072
0.034666666666666665
0.048666666666666664
0.036
0.038
0.02666666666666667
0.02
0.029333333333333333
0.025333333333333333
0.0033333333333333335
0.038
0.018666666666666668
0.038
0.005333333333333333
0.044
0.017333333333333333
0.014
0.0006666666666666666
0.024
0.0013333333333333333
0.021333333333333333
0.548
0.02266666666666667
0.035333333333333335
0.0013333333333333333
0.13933333333333334
0.27
0.005333333333333333
0.0013333333333333333
0.078
0.0006666666666666666
0.016666666666666666
0.0026666666666666666
0.015333333333333332
0.0033333333333333335
0.034
0.005333333333333333
0.25
0.028666666666666667
0.029333333333333333
0.030666666666666665
0.026
0.018
0.002
0.03666666666666667
0.036
0.0013333333333333333
0.042
0.042666666666666665
0.296
0.027333333333333334
0.028
0.06933333333333333
0.036
0.0013333333333333333
0.005333333333333333
0.002
0.0006666666666666666
0.0006666666666666666
0.0006666666666666666
0.0006666666666666666
0.025333333333333333
0.0006666666666666666
0.05733333333333333
0.31733333333333336
0.03266666666666666
0.03266666666666666
0.23666666666666666
0.0006666666666666666
0.032
0.02666666666666667
0.025333333333333333
0.042
0.07533333333333334
0.027333333333333334
0.028
0.027333333333333334
0.058
0.052
0.06666666666666667
0.038
0.064
0.029333333333333333
0.03
0.027333333333333334
0.08733333333333333
0.0013333333333333333
0.028
0.002
0.01
0.01
0.0006666666666666666
0.044
0.084
0.03333333333333333
0.0006666666666666666
0.016666666666666666
0.028
0.042666666666666665
0.050666666666666665
0.059333333333333335
0.09266666666666666
0.0013333333333333333
0.0006666666666666666
0.0013333333333333333
0.03
0.076
0.07733333333333334
0.035333333333333335
0.036
0.07133333333333333
0.02666666666666667
0.0006666666666666666
0.0006666666666666666
0.02
0.04066666666666666
0.096
0.016666666666666666
0.01
0.006
0.023333333333333334
0.14533333333333334
0.032
0.032
0.034666666666666665
0.066
0.002
0.0006666666666666666
0.036
0.0006666666666666666
0.002
0.0013333333333333333
0.008666666666666666
0.066
0.0033333333333333335
0.06466666666666666
0.0006666666666666666
0.04666666666666667
0.12533333333333332
0.05333333333333334
0.2813333333333333
0.10133333333333333
0.021333333333333333
0.017333333333333333
0.10933333333333334
0.10933333333333334
0.06466666666666666
0.03866666666666667
0.32066666666666666
0.0013333333333333333
0.0013333333333333333
0.0006666666666666666
0.0006666666666666666
0.184
0.005333333333333333
0.017333333333333333
0.09466666666666666
0.03133333333333333
0.06666666666666667
0.35
0.124
0.204
0.028666666666666667
0.09466666666666666
0.30133333333333334
0.06066666666666667
0.027333333333333334
0.05266666666666667
0.056666666666666664
0.048666666666666664
0.0006666666666666666
0.0006666666666666666
0.022
0.034
0.026
0.002
0.03333333333333333
0.03266666666666666
0.056
0.030666666666666665
0.035333333333333335
0.0026666666666666666
0.03666666666666667
0.008
0.20933333333333334
0.01
0.0006666666666666666
0.03
0.024
0.066
0.03866666666666667
0.10466666666666667
0.05266666666666667
0.028666666666666667
0.074
0.019333333333333334
0.08733333333333333
0.06066666666666667
0.028
0.024
0.030666666666666665
0.037333333333333336
0.02
0.018666666666666668
0.030666666666666665
0.022
0.068
0.018
0.134
0.03266666666666666
0.056666666666666664
0.0006666666666666666
0.04066666666666666
0.0006666666666666666
0.021333333333333333
0.074
0.05533333333333333
0.076
0.028666666666666667
0.066
0.002
0.03333333333333333
0.0006666666666666666
0.02266666666666667
0.008
0.028
0.0013333333333333333
0.019333333333333334
0.028666666666666667
0.03333333333333333
0.084
0.0026666666666666666
0.0006666666666666666
0.058
0.037333333333333336
0.04
0.058666666666666666
0.09466666666666666
0.034
0.032
0.0013333333333333333
0.006666666666666667
0.042666666666666665
0.027333333333333334
0.028
0.03133333333333333
0.04933333333333333
0.094
0.016666666666666666
0.0006666666666666666
0.08066666666666666
0.051333333333333335
0.004
0.042666666666666665
0.068
0.029333333333333333
0.038
0.023333333333333334
0.03
0.03
0.025333333333333333
0.04466666666666667
0.09066666666666667
0.021333333333333333
0.0006666666666666666
0.0013333333333333333
0.03933333333333333
0.048
0.0013333333333333333
0.056666666666666664
0.04466666666666667
0.09866666666666667
0.032
0.04
0.0013333333333333333
0.024
0.028
0.002
0.027333333333333334
0.002
0.02
0.042666666666666665
0.0006666666666666666
0.03866666666666667
0.0006666666666666666
0.009333333333333334
0.05
0.10933333333333334
0.056
0.6026666666666667
0.03933333333333333
0.026
0.010666666666666666
0.0026666666666666666
0.044
0.0026666666666666666
0.0033333333333333335
0.04533333333333334
0.027333333333333334
0.029333333333333333
0.008
0.02266666666666667
0.0013333333333333333
0.0006666666666666666
0.026
0.03266666666666666
0.023333333333333334
0.026
0.0013333333333333333
0.027333333333333334
0.19066666666666668
0.042
0.0013333333333333333
0.032
0.002
0.018666666666666668
0.062
0.02
0.027333333333333334
0.08733333333333333
0.0013333333333333333
0.011333333333333334
0.0006666666666666666
0.04733333333333333
0.036
0.0006666666666666666
0.03866666666666667
0.21266666666666667
0.04933333333333333
0.05733333333333333
0.09
0.030666666666666665
0.07
0.08266666666666667
0.038
0.176
0.0006666666666666666
0.035333333333333335
0.0006666666666666666
0.042666666666666665
0.5013333333333333
0.043333333333333335
0.025333333333333333
